0 0.000000000
1 0.103130000
2 0.206570000
4 0.412400000
5 0.515406000
7 0.721545000
9 0.930140000
11 1.133989000
13 1.340092000
14 1.443227000
15 1.546235000
16 1.652054000
17 1.752495000
18 1.855628000
19 1.958625000
20 2.061756000
21 2.164888000
22 2.268029000
23 2.371162000
24 2.474309000
25 2.577295000
27 2.783548000
29 2.989686000
31 3.195956000
33 3.402215000
35 3.608492000
37 3.815575000
39 4.021008000
41 4.227285000
43 4.433578000
45 4.640031000
47 4.846074000
50 5.156263000
53 5.464972000
55 5.671374000
57 5.878809000
59 6.086026000
60 6.187083000
62 6.393425000
64 6.599673000
66 6.806598000
68 7.013156000
69 7.115643000
71 7.321985000
73 7.528240000
74 7.631504000
75 7.734629000
76 7.837873000
77 7.941010000
78 8.044137000
79 8.147400000
80 8.250540000
81 8.353657000
83 8.560055000
85 8.766449000
87 8.972952000
88 9.076083000
89 9.179340000
90 9.282610000
91 9.385728000
92 9.489001000
93 9.592114000
94 9.695384000
95 9.798521000
96 9.901772000
97 10.005019000
98 10.108167000
99 10.211406000
100 10.314593000
101 10.417810000
103 10.624214000
105 10.832842000
107 11.037085000
